0000000003
0000000018
0000000024
0000000030
0000000039
0000000045
0000000051
0000000066
0000000072
0000000087
0000000093
0000000105
0000000126
0000000153
0000000168
0000000228
0000000249
0000000297
0000000321
0000000378
0000000438
0000000588
0000000783
0000001335
0000000001
0000000016
0000000022
0000000037
0000000043
0000000058
0000000064
0000000070
0000000079
0000000085
0000000091
0000000103
0000000118
0000000124
0000000130
0000000151
0000000193
0000000205
0000000211
0000000232
0000000247
0000000268
0000000307
0000000334
0000000376
0000000382
0000000409
0000000415
0000000436
0000000538
0000000619
0000000646
0000000943
0000001171
0000001543
0000001645
0000001747
0000000008
0000000014
0000000020
0000000029
0000000035
0000000041
0000000056
0000000062
0000000077
0000000083
0000000098
0000000101
0000000116
0000000137
0000000143
0000000158
0000000164
0000000170
0000000185
0000000224
0000000245
0000000272
0000000293
0000000311
0000000332
0000000347
0000000476
0000000773
0000000914
0000001751
0000004229
0000000006
0000000012
0000000027
0000000033
0000000048
0000000054
0000000060
0000000069
0000000075
0000000096
0000000108
0000000114
0000000120
0000000129
0000000135
0000000156
0000000183
0000000216
0000000222
0000000243
0000000258
0000000270
0000000318
0000000324
0000000345
0000000453
0000000474
0000000600
0000001107
0000001770
0000001779
0000001818
0000006732
0000000004
0000000010
0000000019
0000000025
0000000031
0000000046
0000000052
0000000067
0000000073
0000000088
0000000094
0000000112
0000000127
0000000154
0000000175
0000000196
0000000208
0000000220
0000000229
0000000235
0000000241
0000000256
0000000283
0000000298
0000000301
0000000364
0000000430
0000000568
0000000607
0000000628
0000000655
0000001105
0000002530
0000014614
0000000002
0000000017
0000000023
0000000038
0000000044
0000000050
0000000059
0000000065
0000000071
0000000086
0000000092
0000000110
0000000119
0000000125
0000000131
0000000146
0000000152
0000000167
0000000173
0000000188
0000000194
0000000206
0000000233
0000000254
0000000281
0000000308
0000000377
0000000383
0000000416
0000000524
0000000593
0000000632
0000000797
0000001064
0000001226
0000001442
0000001646
0000000009
0000000015
0000000021
0000000036
0000000042
0000000057
0000000063
0000000078
0000000084
0000000090
0000000099
0000000102
0000000117
0000000123
0000000144
0000000150
0000000159
0000000165
0000000186
0000000210
0000000225
0000000294
0000000306
0000000312
0000000396
0000000501
0000000522
0000000618
0000002433
0000004785
0000000007
0000000013
0000000028
0000000034
0000000040
0000000049
0000000055
0000000061
0000000076
0000000082
0000000097
0000000100
0000000115
0000000121
0000000136
0000000142
0000000163
0000000178
0000000184
0000000190
0000000202
0000000238
0000000271
0000000304
0000000406
0000000454
0000000508
0000000556
0000000664
0000001981
0000003004
0000000005
0000000011
0000000026
0000000032
0000000047
0000000053
0000000068
0000000074
0000000080
0000000089
0000000095
0000000107
0000000113
0000000128
0000000134
0000000149
0000000155
0000000197
0000000209
0000000215
0000000263
0000000278
0000000284
0000000344
0000000431
0000000452
0000000620
0000000683
0000000779
0000000803
0000001067
0000001073
0000004706
0000006500
